----- Forward Bisimulation -----
U_1_fb
-inf,-inf,-inf
-1.0,-3.0,0.0
-------------------------------
U_2_fb
-inf,-inf,-inf
-5.0,-5.0,0.0
-------------------------------
U_3_fb
-inf,-inf,-inf
-7.0,-7.0,0.0
-------------------------------
U_4_fb
-inf,-inf,-inf
-9.0,-9.0,0.0
-------------------------------
U_5_fb
-inf,-inf,-inf
-11.0,-11.0,0.0
-------------------------------
U_6_fb
-inf,-inf,-inf
-13.0,-13.0,0.0
-------------------------------
U_7_fb
-inf,-inf,-inf
-15.0,-15.0,0.0
-------------------------------
U_8_fb
-inf,-inf,-inf
-17.0,-17.0,0.0
-------------------------------
U_9_fb
-inf,-inf,-inf
-19.0,-19.0,0.0
-------------------------------
