----- Forward Simulation -----
U_1_fs
inf,inf,inf
-1.0,-3.0,0.0
-------------------------------
U_2_fs
0.0,0.0,1.0
-1.0,-3.0,0.0
-------------------------------
U_3_fs
0.0,0.0,-1.0
-1.0,-3.0,0.0
-------------------------------
U_4_fs
0.0,0.0,-3.0
-1.0,-3.0,0.0
-------------------------------
U_5_fs
0.0,0.0,-5.0
-1.0,-3.0,0.0
-------------------------------
U_6_fs
0.0,0.0,-7.0
-1.0,-3.0,0.0
-------------------------------
U_7_fs
0.0,0.0,-9.0
-1.0,-3.0,0.0
-------------------------------
U_8_fs
0.0,0.0,-11.0
-1.0,-3.0,0.0
-------------------------------
U_9_fs
0.0,0.0,-13.0
-1.0,-3.0,0.0
-------------------------------
